9
0;Piqahumoaya
1;Nefexairevu
2;Cogibekaned
3;Uxifufuzeso
4;Tujeropugir
5;Poruyetawoy
6;Siyoqaevake
7;Fomunumekes
8;Vosuenikocu
0.00;39.22;0.00;63.11;52.09;0.00;0.00;97.33;0.00
39.22;0.00;31.77;0.00;47.68;47.86;76.73;101.02;0.00
0.00;31.77;0.00;54.07;0.00;38.58;0.00;29.29;56.69
63.11;0.00;54.07;0.00;54.27;48.95;0.00;0.00;0.00
52.09;47.68;0.00;54.27;0.00;100.69;68.78;0.00;25.14
0.00;47.86;38.58;48.95;100.69;0.00;19.51;0.00;100.62
0.00;76.73;0.00;0.00;68.78;19.51;0.00;33.49;88.27
97.33;101.02;29.29;0.00;0.00;0.00;33.49;0.00;52.26
0.00;0.00;56.69;0.00;25.14;100.62;88.27;52.26;0.00
