100
0;Piqahumoaya
1;Nefexairevu
2;Cogibekaned
3;Uxifufuzeso
4;Tujeropugir
5;Poruyetawoy
6;Siyoqaevake
7;Fomunumekes
8;Vosuenikocu
9;Fotusuyisoa
10;Daooefizice
11;Ejevivubiya
12;Pueyifibipo
13;Jaruipoamee
14;Hoqeqaqumiu
15;Jalioveowex
16;Wumunubucok
17;Sizovotidan
18;Lujeheixuso
19;Nukufuuxazo
20;Zimomaqooko
21;Tuyunioaugu
22;Qicedoutiio
23;Joayezovice
24;Poajefigiba
25;Aaovuzoluto
26;Kacaweriesu
27;Wedezoobacu
28;Filaijuvuwi
29;Xurebodigel
30;Wibusemeoro
31;Tahisipooho
32;Minueufexat
33;Ogugupuyanu
34;Etuukopasek
35;Liugugukuda
36;Zienoevogai
37;Episudajuzi
38;Jelihobeqik
39;Imazabuwabo
40;Daunasasasu
41;Tekoqecozee
42;Euhisiqeoza
43;Jepoioniedi
44;Puzinovamit
45;Atedaqaoeme
46;Vepipauacoa
47;Zixahocahie
48;Gupanudobip
49;Waqogaopure
50;Owodeyexeti
51;Buhewiyicar
52;Juxahiohoku
53;Quuhuqohoba
54;Fovoniqeraj
55;Peiogalaexe
56;Zuzusokause
57;Ojeramiziow
58;Koilafaaami
59;Iganeuuhaxu
60;Qajujawoxum
61;Nunohaqiruu
62;Ditezatujin
63;Zougesusozu
64;Necaviajere
65;Xatuowibozu
66;Ucalafoimim
67;Yecozaiwobi
68;Rabufaboeye
69;Jigixatevor
70;Ehabopiifix
71;Vubogocequk
72;Catogaubeja
73;Masotusofio
74;Efoserajugu
75;Zuupoweeiqe
76;Ruixeqalauu
77;Vuoowecidan
78;Efajiaimico
79;Fekoidubure
80;Sutorocayoa
81;Becokozizuo
82;Idukihezofo
83;Zezafuqapoz
84;Ikiobucehoh
85;Xijokeelala
86;Aximierasui
87;Tepapacoifi
88;Eloyeihocua
89;Yenufonovoz
90;Edayuneyedi
91;Udupameceot
92;Ruoseofuhao
93;Zuvaqoxewom
94;Fidiyamuces
95;Zeguvoodiju
96;Howubixumou
97;Yuyegijokek
98;Lanoyiqaqay
99;Zimiubaazep
0.00;73.33;17.26;90.71;0.00;0.00;0.00;12.48;0.00;0.00;50.84;51.69;0.00;94.72;0.00;32.99;0.00;62.13;99.97;0.00;45.05;0.00;53.67;0.00;11.11;0.00;75.54;0.00;33.23;93.40;36.30;0.00;60.02;0.00;0.00;77.55;0.00;0.00;0.00;0.00;0.00;0.00;39.01;0.00;0.00;42.20;10.33;13.12;33.80;75.69;100.30;0.00;0.00;78.85;25.28;100.30;57.91;0.00;0.00;62.39;0.00;0.00;38.15;15.48;0.00;0.00;105.60;0.00;79.60;0.00;0.00;0.00;0.00;0.00;32.25;0.00;0.00;0.00;0.00;0.00;0.00;0.00;38.50;62.72;107.30;47.30;49.45;0.00;98.56;51.51;44.22;0.00;58.26;0.00;43.33;72.31;39.42;48.32;51.57;0.00
73.33;0.00;55.92;17.87;31.47;27.92;0.00;61.14;70.31;71.20;0.00;0.00;78.03;0.00;0.00;57.58;88.98;56.31;93.72;85.10;0.00;0.00;0.00;16.37;0.00;13.14;0.00;0.00;0.00;77.09;0.00;0.00;56.31;75.12;0.00;35.48;0.00;0.00;29.58;0.00;0.00;39.99;0.00;69.13;104.92;109.45;0.00;0.00;97.39;12.35;0.00;14.30;0.00;27.10;18.14;0.00;0.00;49.51;52.84;43.63;61.19;96.67;78.13;74.04;0.00;39.29;0.00;80.95;91.99;10.63;0.00;67.50;0.00;0.00;0.00;40.57;75.32;87.06;0.00;0.00;0.00;29.25;0.00;105.00;69.96;0.00;0.00;0.00;0.00;0.00;74.37;64.16;0.00;50.39;0.00;0.00;0.00;0.00;80.10;93.81
17.26;55.92;0.00;76.13;81.54;17.07;47.63;0.00;55.43;0.00;59.99;0.00;0.00;0.00;0.00;0.00;11.96;0.00;0.00;0.00;25.42;57.16;39.84;18.38;0.00;28.06;0.00;0.00;60.61;61.42;0.00;19.79;0.00;0.00;16.75;61.27;12.88;0.00;77.95;0.00;0.00;45.03;0.00;95.25;109.32;68.45;0.00;0.00;30.41;0.00;16.67;0.00;0.00;29.35;77.56;0.00;0.00;0.00;0.00;0.00;65.60;106.90;18.71;0.00;20.91;0.00;103.26;103.36;34.06;0.00;82.96;108.47;0.00;27.40;0.00;0.00;0.00;0.00;0.00;38.44;20.64;41.62;97.96;27.59;0.00;0.00;77.44;63.27;40.17;0.00;33.23;0.00;65.20;0.00;23.77;68.21;18.12;57.30;0.00;0.00
90.71;17.87;76.13;0.00;37.55;0.00;97.36;0.00;0.00;0.00;0.00;15.63;95.54;0.00;43.23;81.04;39.48;0.00;43.72;0.00;62.77;100.46;29.46;0.00;0.00;0.00;12.40;0.00;83.48;65.08;60.90;29.94;83.09;0.00;0.00;0.00;34.77;35.14;0.00;98.30;0.00;0.00;0.00;22.45;0.00;0.00;0.00;0.00;52.41;20.69;0.00;67.90;105.89;0.00;18.69;16.39;0.00;67.99;0.00;0.00;30.21;92.88;76.86;94.93;38.09;0.00;0.00;28.46;0.00;83.79;0.00;0.00;0.00;0.00;0.00;0.00;0.00;45.05;0.00;61.44;0.00;101.93;0.00;0.00;101.85;0.00;0.00;91.14;75.29;0.00;0.00;0.00;90.06;0.00;55.40;47.00;0.00;74.78;32.11;0.00
0.00;31.47;81.54;37.55;0.00;10.12;0.00;100.13;0.00;60.59;0.00;0.00;0.00;91.65;80.36;0.00;0.00;60.07;0.00;63.00;54.43;0.00;0.00;92.68;0.00;52.59;0.00;0.00;0.00;0.00;61.65;32.61;104.86;81.12;0.00;0.00;41.73;82.72;0.00;40.80;94.96;61.95;25.16;0.00;80.33;0.00;0.00;101.26;29.08;82.18;53.71;12.24;22.74;63.33;0.00;104.19;62.64;0.00;58.61;0.00;89.46;93.27;0.00;0.00;63.70;0.00;0.00;0.00;0.00;57.76;0.00;90.68;45.86;0.00;55.94;39.39;0.00;0.00;0.00;70.68;14.47;44.31;0.00;93.07;81.50;0.00;50.86;87.78;82.90;0.00;0.00;13.54;44.32;44.04;109.94;51.30;38.13;62.40;90.36;56.66
0.00;27.92;17.07;0.00;10.12;0.00;49.03;0.00;0.00;60.92;0.00;46.32;0.00;51.81;0.00;64.42;0.00;0.00;35.19;101.84;62.87;0.00;0.00;88.37;97.17;15.53;41.91;11.35;0.00;0.00;94.34;13.19;0.00;73.10;66.19;39.00;33.83;53.99;45.77;43.28;24.52;103.17;13.91;0.00;50.18;0.00;0.00;0.00;75.72;69.86;31.25;104.20;0.00;20.41;50.12;0.00;0.00;89.82;0.00;0.00;52.69;0.00;85.23;0.00;30.95;0.00;0.00;0.00;65.29;44.54;35.91;0.00;102.62;0.00;0.00;103.67;52.67;73.79;0.00;0.00;26.21;38.49;0.00;0.00;57.66;97.30;84.04;0.00;0.00;0.00;0.00;26.41;68.05;55.96;0.00;0.00;46.94;106.75;0.00;0.00
0.00;0.00;47.63;97.36;0.00;49.03;0.00;102.43;92.57;45.91;34.25;89.66;0.00;45.32;97.77;0.00;0.00;0.00;25.73;0.00;29.07;18.31;94.87;0.00;40.79;76.56;16.57;25.30;43.76;106.46;0.00;0.00;0.00;0.00;74.51;0.00;43.45;35.54;0.00;49.85;36.03;104.35;0.00;0.00;34.59;106.75;72.44;0.00;31.88;86.74;89.18;0.00;18.44;0.00;98.25;28.28;16.36;0.00;85.46;101.53;89.00;109.30;81.83;0.00;96.55;0.00;0.00;0.00;0.00;10.12;0.00;0.00;0.00;0.00;0.00;0.00;0.00;0.00;99.02;44.01;57.01;0.00;109.27;41.40;0.00;88.29;90.22;0.00;0.00;0.00;47.81;69.74;23.50;0.00;21.03;0.00;0.00;0.00;0.00;0.00
12.48;61.14;0.00;0.00;100.13;0.00;102.43;0.00;109.42;103.42;0.00;0.00;0.00;0.00;99.87;21.86;105.83;42.40;57.23;0.00;0.00;72.41;0.00;0.00;0.00;0.00;22.09;38.66;0.00;0.00;0.00;0.00;85.69;18.83;25.58;101.03;77.24;0.00;90.29;29.59;0.00;91.33;67.33;0.00;0.00;0.00;0.00;29.05;80.63;0.00;0.00;0.00;14.36;94.46;27.63;65.55;0.00;67.42;0.00;0.00;17.53;0.00;0.00;0.00;54.61;0.00;49.33;24.60;69.54;0.00;0.00;0.00;55.30;0.00;0.00;0.00;0.00;39.71;0.00;0.00;0.00;104.53;40.57;87.13;0.00;0.00;0.00;0.00;20.89;57.03;0.00;35.61;41.49;0.00;0.00;53.39;0.00;64.34;0.00;0.00
0.00;70.31;55.43;0.00;0.00;0.00;92.57;109.42;0.00;55.02;0.00;52.33;17.76;0.00;0.00;100.05;0.00;37.27;45.38;41.42;22.77;0.00;70.09;0.00;66.63;32.86;29.40;0.00;64.92;0.00;90.59;0.00;91.65;85.23;47.96;12.69;99.19;73.50;52.78;0.00;49.88;0.00;61.12;0.00;0.00;0.00;70.20;15.01;88.24;0.00;0.00;72.42;81.78;0.00;0.00;28.71;0.00;53.13;0.00;93.21;50.17;0.00;0.00;0.00;0.00;0.00;86.07;57.18;52.70;0.00;0.00;0.00;26.11;0.00;21.88;51.07;77.45;65.48;18.88;0.00;51.91;0.00;0.00;14.54;0.00;36.47;29.80;76.38;0.00;53.34;43.23;36.11;69.39;18.17;0.00;46.82;0.00;30.22;0.00;70.58
0.00;71.20;0.00;0.00;60.59;60.92;45.91;103.42;55.02;0.00;95.46;0.00;92.39;0.00;0.00;0.00;22.10;15.20;0.00;0.00;100.43;0.00;73.70;44.24;18.74;46.02;0.00;16.62;79.71;0.00;72.45;71.36;104.26;0.00;15.79;0.00;65.76;65.07;97.88;0.00;0.00;32.43;0.00;55.31;61.00;82.95;88.52;80.03;0.00;68.51;97.48;0.00;100.28;95.23;0.00;0.00;83.74;31.90;0.00;27.59;0.00;90.69;0.00;0.00;10.13;37.95;0.00;0.00;0.00;0.00;18.55;0.00;0.00;0.00;0.00;0.00;0.00;77.26;0.00;0.00;108.15;22.46;13.74;42.62;0.00;42.00;0.00;49.07;0.00;13.91;99.11;0.00;45.98;79.40;103.79;32.40;0.00;0.00;0.00;109.18
50.84;0.00;59.99;0.00;0.00;0.00;34.25;0.00;0.00;95.46;0.00;57.48;64.23;57.05;0.00;67.03;0.00;0.00;0.00;0.00;75.79;0.00;63.89;0.00;20.02;0.00;23.16;0.00;74.50;53.49;32.32;0.00;0.00;0.00;95.74;100.09;0.00;81.65;0.00;0.00;28.70;0.00;0.00;0.00;86.26;0.00;28.33;0.00;0.00;90.74;71.93;90.19;0.00;79.10;16.49;0.00;0.00;19.71;0.00;44.33;0.00;0.00;43.11;0.00;0.00;0.00;95.55;55.01;0.00;0.00;66.70;0.00;0.00;70.78;38.15;41.00;0.00;0.00;0.00;71.18;0.00;66.11;60.28;0.00;0.00;0.00;20.32;73.24;0.00;32.89;97.22;28.56;51.09;0.00;0.00;0.00;10.24;0.00;0.00;0.00
51.69;0.00;0.00;15.63;0.00;46.32;89.66;0.00;52.33;0.00;57.48;0.00;37.85;0.00;108.48;29.99;104.23;49.87;103.63;0.00;70.74;0.00;0.00;92.18;0.00;83.56;25.69;58.93;93.41;0.00;53.38;0.00;76.96;0.00;90.30;0.00;0.00;82.84;20.01;0.00;80.82;0.00;0.00;34.46;0.00;28.02;0.00;0.00;0.00;0.00;0.00;71.89;0.00;0.00;0.00;104.59;11.30;11.51;87.58;74.19;0.00;0.00;0.00;0.00;105.81;67.93;55.85;89.31;0.00;0.00;69.24;59.95;0.00;41.40;0.00;0.00;48.82;106.36;0.00;89.02;107.63;0.00;51.03;74.40;76.77;97.67;0.00;36.93;80.23;0.00;20.80;0.00;0.00;79.78;0.00;0.00;0.00;0.00;88.48;17.60
0.00;78.03;0.00;95.54;0.00;0.00;0.00;0.00;17.76;92.39;64.23;37.85;0.00;22.45;0.00;104.00;0.00;0.00;0.00;26.53;32.03;0.00;0.00;17.65;91.74;0.00;0.00;0.00;0.00;94.30;0.00;0.00;0.00;32.34;100.37;62.19;0.00;103.51;100.44;64.57;0.00;0.00;0.00;21.23;0.00;77.33;76.58;0.00;77.89;0.00;0.00;52.30;0.00;99.05;0.00;0.00;0.00;0.00;0.00;0.00;61.77;0.00;0.00;0.00;74.75;35.32;63.06;0.00;0.00;16.07;0.00;14.88;13.83;0.00;13.29;61.21;0.00;18.94;0.00;22.10;0.00;0.00;68.00;0.00;23.22;87.73;47.68;0.00;87.08;0.00;10.26;78.69;0.00;51.43;30.18;0.00;82.28;0.00;30.61;108.48
94.72;0.00;0.00;0.00;91.65;51.81;45.32;0.00;0.00;0.00;57.05;0.00;22.45;0.00;61.70;34.53;0.00;0.00;62.69;0.00;0.00;46.21;0.00;78.25;0.00;0.00;0.00;31.91;0.00;0.00;0.00;34.93;0.00;73.13;0.00;15.42;58.29;0.00;0.00;28.68;80.57;62.76;15.23;52.23;78.14;60.93;0.00;0.00;0.00;69.70;61.27;0.00;79.32;28.80;0.00;65.23;0.00;0.00;0.00;0.00;67.12;0.00;91.61;48.99;100.35;0.00;14.19;10.13;0.00;48.56;0.00;97.89;108.76;101.39;44.62;36.42;93.99;0.00;0.00;54.24;0.00;51.78;0.00;0.00;79.84;85.72;91.50;0.00;0.00;0.00;76.26;77.42;31.90;95.12;0.00;0.00;98.16;37.43;0.00;0.00
0.00;0.00;0.00;43.23;80.36;0.00;97.77;99.87;0.00;0.00;0.00;108.48;0.00;61.70;0.00;64.61;0.00;76.32;86.89;0.00;105.41;72.73;13.20;79.42;0.00;44.76;0.00;37.99;91.56;58.61;84.76;97.17;22.65;67.39;0.00;85.23;22.09;0.00;44.63;93.81;0.00;0.00;57.21;50.99;30.87;0.00;0.00;0.00;64.22;0.00;17.03;55.53;25.96;0.00;0.00;0.00;95.38;0.00;103.75;0.00;0.00;0.00;88.52;22.38;0.00;0.00;0.00;0.00;0.00;28.15;0.00;33.57;70.66;83.75;47.68;0.00;0.00;0.00;0.00;0.00;27.54;28.79;75.27;0.00;0.00;0.00;41.33;95.65;73.77;78.43;52.94;24.09;0.00;75.18;79.76;0.00;70.66;85.16;0.00;59.83
32.99;57.58;0.00;81.04;0.00;64.42;0.00;21.86;100.05;0.00;67.03;29.99;104.00;34.53;64.61;0.00;96.43;25.84;105.03;0.00;0.00;17.55;107.28;85.14;54.30;0.00;99.20;95.18;0.00;0.00;0.00;82.08;60.64;17.41;0.00;36.96;93.16;43.87;29.81;0.00;49.17;0.00;32.28;0.00;0.00;0.00;58.15;0.00;0.00;0.00;0.00;14.29;0.00;29.43;0.00;76.33;0.00;80.61;102.76;81.40;0.00;0.00;0.00;28.38;0.00;0.00;0.00;55.33;39.48;0.00;0.00;0.00;82.98;0.00;0.00;0.00;100.32;109.18;0.00;0.00;0.00;0.00;0.00;0.00;0.00;58.15;74.96;45.55;0.00;0.00;0.00;33.93;0.00;0.00;48.44;0.00;103.27;0.00;88.41;86.77
0.00;88.98;11.96;39.48;0.00;0.00;0.00;105.83;0.00;22.10;0.00;104.23;0.00;0.00;0.00;96.43;0.00;72.44;36.47;23.90;18.97;0.00;105.55;14.82;97.79;0.00;0.00;73.49;0.00;35.32;20.61;0.00;33.67;109.23;37.31;0.00;0.00;34.72;73.22;106.85;0.00;67.79;82.33;0.00;0.00;0.00;14.97;98.09;0.00;31.72;0.00;0.00;0.00;0.00;0.00;16.03;0.00;72.69;0.00;0.00;0.00;0.00;73.04;0.00;108.12;53.61;38.76;0.00;0.00;24.39;76.74;41.36;85.45;40.23;85.17;0.00;72.84;0.00;62.58;0.00;13.01;33.16;66.64;72.06;25.46;0.00;85.02;45.58;17.32;64.23;16.60;0.00;35.40;86.80;55.86;45.15;0.00;0.00;72.09;0.00
62.13;56.31;0.00;0.00;60.07;0.00;0.00;42.40;37.27;15.20;0.00;49.87;0.00;0.00;76.32;25.84;72.44;0.00;17.82;43.41;18.95;83.42;0.00;13.80;73.77;103.16;0.00;0.00;0.00;0.00;45.06;0.00;0.00;0.00;42.69;52.98;0.00;64.65;87.81;0.00;0.00;12.05;94.68;36.58;0.00;54.70;56.15;60.96;0.00;0.00;47.22;0.00;0.00;0.00;70.50;35.80;0.00;0.00;0.00;0.00;63.34;11.59;37.80;0.00;0.00;0.00;0.00;82.63;83.06;107.98;0.00;77.55;14.48;34.53;0.00;0.00;0.00;100.46;48.50;24.47;0.00;67.06;84.83;0.00;0.00;47.84;0.00;105.84;0.00;0.00;0.00;63.73;0.00;47.51;0.00;95.92;0.00;80.29;0.00;49.02
99.97;93.72;0.00;43.72;0.00;35.19;25.73;57.23;45.38;0.00;0.00;103.63;0.00;62.69;86.89;105.03;36.47;17.82;0.00;105.49;0.00;0.00;0.00;0.00;0.00;46.29;73.90;95.55;81.12;0.00;0.00;88.26;70.55;0.00;68.08;0.00;49.83;67.62;0.00;102.44;77.76;0.00;0.00;56.38;0.00;0.00;72.89;0.00;67.66;0.00;0.00;105.36;91.18;0.00;27.17;67.22;45.92;0.00;108.10;81.44;14.07;0.00;41.18;0.00;17.03;53.47;0.00;0.00;0.00;0.00;0.00;0.00;0.00;0.00;0.00;0.00;0.00;88.40;25.98;0.00;39.75;42.05;0.00;0.00;55.16;88.14;49.80;96.00;39.03;0.00;0.00;58.81;0.00;0.00;0.00;0.00;54.62;92.38;0.00;0.00
0.00;85.10;0.00;0.00;63.00;101.84;0.00;0.00;41.42;0.00;0.00;0.00;26.53;0.00;0.00;0.00;23.90;43.41;105.49;0.00;50.70;0.00;0.00;0.00;0.00;0.00;0.00;0.00;0.00;0.00;99.72;103.51;0.00;12.98;22.94;0.00;0.00;47.47;0.00;84.71;64.66;24.78;72.15;0.00;82.15;42.35;0.00;0.00;0.00;0.00;0.00;0.00;0.00;0.00;0.00;0.00;0.00;0.00;0.00;48.23;64.09;78.24;0.00;0.00;45.99;0.00;0.00;0.00;0.00;10.17;68.59;20.27;0.00;0.00;0.00;0.00;106.79;0.00;0.00;0.00;0.00;0.00;0.00;0.00;52.46;0.00;17.61;0.00;0.00;66.52;0.00;27.03;98.70;25.52;0.00;43.64;37.36;0.00;34.14;0.00
45.05;0.00;25.42;62.77;54.43;62.87;29.07;0.00;22.77;100.43;75.79;70.74;32.03;0.00;105.41;0.00;18.97;18.95;0.00;50.70;0.00;75.26;0.00;0.00;0.00;0.00;0.00;39.49;75.52;79.33;16.99;19.51;0.00;73.16;45.33;83.43;0.00;21.05;100.11;36.51;0.00;44.99;54.45;81.59;16.54;41.87;0.00;0.00;42.66;21.54;46.49;27.29;45.71;63.94;44.14;44.52;60.44;40.33;40.32;74.31;0.00;20.11;52.60;0.00;75.44;0.00;11.77;0.00;25.70;0.00;103.41;98.82;0.00;0.00;91.05;0.00;38.23;53.49;0.00;0.00;0.00;44.10;0.00;79.24;81.74;73.45;0.00;0.00;109.89;45.20;0.00;108.65;0.00;0.00;0.00;0.00;0.00;0.00;0.00;45.76
0.00;0.00;57.16;100.46;0.00;0.00;18.31;72.41;0.00;0.00;0.00;0.00;0.00;46.21;72.73;17.55;0.00;83.42;0.00;0.00;75.26;0.00;36.69;74.08;0.00;0.00;0.00;33.37;66.31;36.76;32.61;0.00;0.00;79.81;0.00;34.14;0.00;0.00;0.00;43.56;102.64;67.04;99.28;0.00;0.00;0.00;57.34;20.94;93.76;0.00;0.00;0.00;0.00;0.00;0.00;25.69;0.00;17.72;14.53;0.00;0.00;60.33;0.00;0.00;0.00;62.18;69.16;0.00;35.01;0.00;46.47;0.00;38.49;0.00;0.00;34.21;23.08;32.43;20.18;0.00;96.22;36.99;99.05;0.00;91.92;51.64;0.00;0.00;84.88;0.00;56.75;0.00;94.27;96.07;81.60;0.00;100.80;0.00;101.56;0.00
53.67;0.00;39.84;29.46;0.00;0.00;94.87;0.00;70.09;73.70;63.89;0.00;0.00;0.00;13.20;107.28;105.55;0.00;0.00;0.00;0.00;36.69;0.00;48.67;0.00;0.00;19.49;0.00;11.84;0.00;17.43;0.00;38.45;24.21;87.14;0.00;0.00;0.00;57.80;0.00;0.00;0.00;0.00;0.00;102.25;0.00;96.51;34.57;71.90;0.00;0.00;0.00;0.00;80.92;0.00;0.00;0.00;94.43;0.00;0.00;0.00;81.59;0.00;0.00;107.50;24.54;41.61;0.00;29.10;46.65;101.39;0.00;57.91;0.00;56.69;23.12;0.00;0.00;65.00;52.06;92.00;0.00;0.00;99.29;0.00;78.44;86.00;0.00;0.00;14.54;0.00;0.00;0.00;0.00;0.00;27.42;0.00;92.65;0.00;0.00
0.00;16.37;18.38;0.00;92.68;88.37;0.00;0.00;0.00;44.24;0.00;92.18;17.65;78.25;79.42;85.14;14.82;13.80;0.00;0.00;0.00;74.08;48.67;0.00;79.24;77.84;44.20;0.00;56.98;73.34;0.00;108.88;63.42;104.01;0.00;0.00;0.00;56.93;0.00;0.00;74.85;0.00;0.00;0.00;0.00;0.00;0.00;59.78;0.00;99.25;0.00;0.00;0.00;0.00;87.78;108.21;0.00;48.41;0.00;0.00;0.00;0.00;20.78;0.00;57.18;0.00;0.00;0.00;28.43;69.27;36.61;61.24;0.00;36.88;0.00;0.00;75.23;37.79;0.00;19.84;0.00;0.00;0.00;0.00;97.34;0.00;0.00;0.00;49.31;0.00;0.00;0.00;0.00;0.00;0.00;0.00;72.76;0.00;69.28;27.42
11.11;0.00;0.00;0.00;0.00;97.17;40.79;0.00;66.63;18.74;20.02;0.00;91.74;0.00;0.00;54.30;97.79;73.77;0.00;0.00;0.00;0.00;0.00;79.24;0.00;58.89;0.00;52.39;43.97;20.59;0.00;0.00;75.16;45.08;0.00;0.00;0.00;0.00;0.00;0.00;69.80;0.00;18.71;0.00;43.82;0.00;26.43;69.76;0.00;0.00;0.00;93.38;35.93;17.91;101.69;82.86;0.00;13.69;0.00;0.00;81.45;0.00;56.06;80.46;0.00;0.00;0.00;0.00;0.00;98.81;0.00;71.67;18.62;23.49;89.22;64.75;0.00;54.76;0.00;104.43;0.00;96.40;0.00;29.32;42.64;82.63;0.00;0.00;0.00;74.31;0.00;104.84;95.66;107.51;34.64;13.38;82.14;108.03;84.09;38.75
0.00;13.14;28.06;0.00;52.59;15.53;76.56;0.00;32.86;46.02;0.00;83.56;0.00;0.00;44.76;0.00;0.00;103.16;46.29;0.00;0.00;0.00;0.00;77.84;58.89;0.00;19.97;0.00;0.00;14.99;0.00;27.53;63.88;0.00;40.02;0.00;0.00;69.32;0.00;57.28;0.00;41.95;0.00;0.00;28.00;46.00;47.72;0.00;0.00;0.00;17.02;46.15;65.07;0.00;91.18;29.05;0.00;49.93;71.44;0.00;0.00;105.85;14.46;85.14;21.09;17.05;0.00;0.00;0.00;0.00;0.00;0.00;0.00;0.00;0.00;43.74;10.84;0.00;0.00;0.00;0.00;14.24;0.00;44.83;0.00;62.56;41.70;0.00;37.47;0.00;58.48;0.00;40.24;0.00;0.00;50.94;0.00;0.00;0.00;109.92
75.54;0.00;0.00;12.40;0.00;41.91;16.57;22.09;29.40;0.00;23.16;25.69;0.00;0.00;0.00;99.20;0.00;0.00;73.90;0.00;0.00;0.00;19.49;44.20;0.00;19.97;0.00;101.01;41.40;12.23;0.00;0.00;99.48;29.63;64.28;0.00;0.00;78.29;0.00;0.00;42.79;40.46;0.00;45.04;24.79;0.00;0.00;0.00;38.33;0.00;0.00;39.47;92.19;82.46;73.14;0.00;45.16;0.00;29.99;64.69;22.82;0.00;31.39;108.58;23.01;106.25;46.75;100.98;76.25;83.64;35.26;61.58;67.66;0.00;0.00;21.23;0.00;0.00;0.00;54.38;0.00;0.00;26.29;36.65;0.00;0.00;60.16;0.00;89.14;0.00;0.00;0.00;0.00;0.00;0.00;104.37;0.00;57.14;0.00;0.00
0.00;0.00;0.00;0.00;0.00;11.35;25.30;38.66;0.00;16.62;0.00;58.93;0.00;31.91;37.99;95.18;73.49;0.00;95.55;0.00;39.49;33.37;0.00;0.00;52.39;0.00;101.01;0.00;55.50;37.66;0.00;0.00;0.00;0.00;69.08;0.00;0.00;0.00;0.00;58.16;54.63;0.00;0.00;50.37;104.98;46.00;0.00;43.68;0.00;69.45;75.07;102.12;0.00;0.00;91.52;0.00;0.00;0.00;0.00;71.39;0.00;0.00;63.81;54.27;65.42;0.00;0.00;0.00;0.00;64.83;96.26;0.00;60.48;0.00;0.00;0.00;86.92;75.23;0.00;0.00;0.00;0.00;90.85;0.00;0.00;0.00;0.00;61.87;0.00;20.06;0.00;0.00;0.00;0.00;0.00;105.92;71.22;0.00;0.00;0.00
33.23;0.00;60.61;83.48;0.00;0.00;43.76;0.00;64.92;79.71;74.50;93.41;0.00;0.00;91.56;0.00;0.00;0.00;81.12;0.00;75.52;66.31;11.84;56.98;43.97;0.00;41.40;55.50;0.00;47.48;47.14;0.00;72.23;86.71;0.00;0.00;88.38;16.21;0.00;92.44;80.65;0.00;23.25;67.58;74.39;0.00;58.03;42.60;47.70;56.01;66.77;0.00;0.00;43.33;0.00;0.00;0.00;35.18;0.00;0.00;0.00;0.00;61.52;43.13;0.00;81.41;0.00;69.16;70.21;0.00;0.00;0.00;0.00;23.42;42.03;0.00;0.00;0.00;0.00;46.92;0.00;63.91;80.64;0.00;0.00;106.64;0.00;34.23;0.00;0.00;0.00;96.88;0.00;0.00;12.84;64.40;94.77;0.00;0.00;29.42
93.40;77.09;61.42;65.08;0.00;0.00;106.46;0.00;0.00;0.00;53.49;0.00;94.30;0.00;58.61;0.00;35.32;0.00;0.00;0.00;79.33;36.76;0.00;73.34;20.59;14.99;12.23;37.66;47.48;0.00;15.06;20.39;0.00;18.45;0.00;90.37;0.00;27.59;0.00;53.21;0.00;0.00;0.00;0.00;0.00;92.45;106.51;0.00;84.14;38.46;102.89;74.79;0.00;27.35;18.52;0.00;50.94;0.00;0.00;0.00;0.00;52.24;0.00;32.82;0.00;0.00;36.12;90.87;56.91;0.00;73.41;0.00;0.00;46.36;34.85;0.00;102.31;85.25;0.00;104.36;29.94;13.16;0.00;81.60;101.02;81.53;0.00;74.25;0.00;47.30;23.68;20.78;10.50;85.46;0.00;0.00;98.58;0.00;95.53;99.01
36.30;0.00;0.00;60.90;61.65;94.34;0.00;0.00;90.59;72.45;32.32;53.38;0.00;0.00;84.76;0.00;20.61;45.06;0.00;99.72;16.99;32.61;17.43;0.00;0.00;0.00;0.00;0.00;47.14;15.06;0.00;76.37;0.00;97.07;15.83;0.00;0.00;57.33;0.00;44.66;0.00;68.11;0.00;0.00;0.00;97.60;0.00;0.00;33.62;41.82;0.00;22.90;0.00;0.00;0.00;34.75;0.00;20.56;32.92;24.16;54.18;23.07;85.63;97.14;73.55;71.03;60.98;19.85;0.00;32.30;10.08;105.46;0.00;14.78;82.68;0.00;108.46;0.00;67.60;0.00;103.55;0.00;0.00;0.00;0.00;0.00;63.71;0.00;106.30;19.06;107.79;0.00;74.10;100.99;72.10;0.00;0.00;0.00;70.22;0.00
0.00;0.00;19.79;29.94;32.61;13.19;0.00;0.00;0.00;71.36;0.00;0.00;0.00;34.93;97.17;82.08;0.00;0.00;88.26;103.51;19.51;0.00;0.00;108.88;0.00;27.53;0.00;0.00;0.00;20.39;76.37;0.00;19.07;0.00;0.00;0.00;0.00;0.00;11.07;15.43;0.00;81.70;96.11;97.50;0.00;76.69;13.71;55.49;16.52;59.51;0.00;46.38;105.01;95.71;0.00;0.00;0.00;95.20;0.00;59.22;0.00;64.02;0.00;46.37;0.00;0.00;57.86;58.46;0.00;0.00;0.00;68.62;58.57;20.43;25.88;0.00;77.18;0.00;99.89;39.04;0.00;84.42;0.00;0.00;97.05;0.00;0.00;56.85;70.99;57.40;0.00;37.93;63.58;74.63;0.00;60.19;0.00;0.00;0.00;0.00
60.02;56.31;0.00;83.09;104.86;0.00;0.00;85.69;91.65;104.26;0.00;76.96;0.00;0.00;22.65;60.64;33.67;0.00;70.55;0.00;0.00;0.00;38.45;63.42;75.16;63.88;99.48;0.00;72.23;0.00;0.00;19.07;0.00;108.43;0.00;25.37;71.05;0.00;94.07;0.00;39.01;0.00;0.00;0.00;0.00;57.11;38.17;97.89;69.75;0.00;71.77;99.21;0.00;13.90;107.49;0.00;0.00;0.00;0.00;22.23;0.00;0.00;0.00;0.00;67.09;0.00;0.00;68.47;40.24;96.55;0.00;13.58;0.00;0.00;69.38;84.85;0.00;0.00;67.04;0.00;10.57;52.53;75.90;0.00;31.53;0.00;19.65;49.34;91.73;0.00;0.00;0.00;59.46;44.35;0.00;54.95;33.09;26.31;87.77;0.00
0.00;75.12;0.00;0.00;81.12;73.10;0.00;18.83;85.23;0.00;0.00;0.00;32.34;73.13;67.39;17.41;109.23;0.00;0.00;12.98;73.16;79.81;24.21;104.01;45.08;0.00;29.63;0.00;86.71;18.45;97.07;0.00;108.43;0.00;67.94;94.45;0.00;0.00;0.00;0.00;19.54;0.00;0.00;0.00;67.38;16.09;0.00;14.95;19.54;103.60;21.54;0.00;103.11;0.00;0.00;0.00;108.46;0.00;0.00;98.58;73.65;76.18;102.47;80.69;82.50;0.00;0.00;52.81;0.00;0.00;83.99;0.00;40.65;0.00;0.00;0.00;0.00;0.00;79.10;14.50;0.00;96.09;81.82;0.00;0.00;0.00;75.22;15.25;13.03;0.00;40.29;73.64;43.97;0.00;64.98;26.71;0.00;98.87;50.61;0.00
0.00;0.00;16.75;0.00;0.00;66.19;74.51;25.58;47.96;15.79;95.74;90.30;100.37;0.00;0.00;0.00;37.31;42.69;68.08;22.94;45.33;0.00;87.14;0.00;0.00;40.02;64.28;69.08;0.00;0.00;15.83;0.00;0.00;67.94;0.00;90.57;0.00;32.43;0.00;68.32;28.34;43.98;0.00;0.00;0.00;0.00;0.00;79.96;76.22;0.00;107.19;0.00;74.65;0.00;0.00;0.00;0.00;60.75;0.00;62.23;12.57;0.00;0.00;0.00;92.25;0.00;19.15;63.19;107.06;0.00;15.21;66.79;0.00;92.12;0.00;15.59;69.23;0.00;21.04;0.00;0.00;0.00;22.76;46.18;12.70;49.61;81.62;0.00;0.00;93.97;18.31;0.00;0.00;0.00;0.00;51.85;34.33;107.82;27.42;0.00
77.55;35.48;61.27;0.00;0.00;39.00;0.00;101.03;12.69;0.00;100.09;0.00;62.19;15.42;85.23;36.96;0.00;52.98;0.00;0.00;83.43;34.14;0.00;0.00;0.00;0.00;0.00;0.00;0.00;90.37;0.00;0.00;25.37;94.45;90.57;0.00;90.05;0.00;25.00;0.00;48.98;16.80;0.00;0.00;106.73;86.94;82.36;37.29;0.00;0.00;97.44;37.75;0.00;0.00;0.00;68.91;82.61;17.16;103.05;0.00;0.00;96.87;0.00;0.00;56.94;0.00;73.54;26.12;0.00;0.00;36.73;0.00;0.00;0.00;58.46;51.56;78.49;16.62;59.04;0.00;0.00;0.00;0.00;0.00;95.00;15.82;0.00;86.69;86.10;24.61;81.80;0.00;54.33;93.58;0.00;20.42;0.00;105.08;60.74;41.72
0.00;0.00;12.88;34.77;41.73;33.83;43.45;77.24;99.19;65.76;0.00;0.00;0.00;58.29;22.09;93.16;0.00;0.00;49.83;0.00;0.00;0.00;0.00;0.00;0.00;0.00;0.00;0.00;88.38;0.00;0.00;0.00;71.05;0.00;0.00;90.05;0.00;81.53;47.36;0.00;0.00;88.29;108.61;64.31;25.98;89.73;76.12;92.30;0.00;0.00;95.97;12.40;72.95;0.00;106.57;45.63;0.00;15.92;0.00;0.00;0.00;17.73;109.02;12.57;83.69;98.84;50.77;22.62;0.00;0.00;35.73;0.00;0.00;59.73;0.00;0.00;0.00;0.00;0.00;0.00;24.89;0.00;86.46;0.00;106.37;45.64;97.65;0.00;0.00;0.00;74.97;0.00;0.00;0.00;46.69;0.00;0.00;87.41;0.00;23.48
0.00;0.00;0.00;35.14;82.72;53.99;35.54;0.00;73.50;65.07;81.65;82.84;103.51;0.00;0.00;43.87;34.72;64.65;67.62;47.47;21.05;0.00;0.00;56.93;0.00;69.32;78.29;0.00;16.21;27.59;57.33;0.00;0.00;0.00;32.43;0.00;81.53;0.00;45.80;0.00;94.41;0.00;13.00;18.12;0.00;52.05;0.00;0.00;46.06;0.00;0.00;0.00;0.00;0.00;51.23;71.66;36.26;63.19;64.68;0.00;0.00;103.44;0.00;84.14;49.63;0.00;0.00;28.85;0.00;98.40;48.83;0.00;0.00;20.94;65.69;107.38;0.00;0.00;0.00;39.76;0.00;0.00;27.39;24.90;0.00;106.96;0.00;51.67;0.00;60.53;36.59;0.00;74.77;87.63;50.86;28.42;11.50;0.00;29.66;0.00
0.00;29.58;77.95;0.00;0.00;45.77;0.00;90.29;52.78;97.88;0.00;20.01;100.44;0.00;44.63;29.81;73.22;87.81;0.00;0.00;100.11;0.00;57.80;0.00;0.00;0.00;0.00;0.00;0.00;0.00;0.00;11.07;94.07;0.00;0.00;25.00;47.36;45.80;0.00;40.84;0.00;0.00;93.56;0.00;29.63;21.11;0.00;0.00;56.05;37.01;0.00;0.00;0.00;0.00;63.42;0.00;101.81;71.36;39.36;31.78;0.00;93.49;89.33;0.00;0.00;0.00;93.57;85.82;0.00;107.65;42.88;99.48;0.00;0.00;74.40;87.04;0.00;0.00;27.93;0.00;0.00;26.21;0.00;13.31;18.85;40.15;0.00;0.00;62.62;0.00;0.00;73.19;0.00;51.43;0.00;0.00;0.00;0.00;74.95;17.14
0.00;0.00;0.00;98.30;40.80;43.28;49.85;29.59;0.00;0.00;0.00;0.00;64.57;28.68;93.81;0.00;106.85;0.00;102.44;84.71;36.51;43.56;0.00;0.00;0.00;57.28;0.00;58.16;92.44;53.21;44.66;15.43;0.00;0.00;68.32;0.00;0.00;0.00;40.84;0.00;36.19;56.41;0.00;70.24;74.37;90.07;0.00;0.00;86.10;54.17;52.71;0.00;25.40;44.08;34.65;0.00;41.64;27.64;0.00;103.50;16.13;39.20;17.72;68.72;32.46;56.93;0.00;0.00;0.00;0.00;31.98;0.00;35.79;106.13;0.00;80.78;0.00;0.00;59.88;42.59;0.00;93.71;0.00;70.88;17.08;43.39;101.43;40.11;29.17;107.75;66.63;78.81;0.00;0.00;0.00;103.90;73.37;0.00;0.00;0.00
0.00;0.00;0.00;0.00;94.96;24.52;36.03;0.00;49.88;0.00;28.70;80.82;0.00;80.57;0.00;49.17;0.00;0.00;77.76;64.66;0.00;102.64;0.00;74.85;69.80;0.00;42.79;54.63;80.65;0.00;0.00;0.00;39.01;19.54;28.34;48.98;0.00;94.41;0.00;36.19;0.00;25.76;53.34;96.22;0.00;10.89;70.77;0.00;0.00;57.09;35.24;0.00;0.00;66.99;97.99;0.00;48.62;64.55;99.75;51.86;57.38;60.82;54.32;0.00;0.00;48.27;0.00;45.72;0.00;43.55;0.00;108.99;0.00;0.00;13.29;83.68;0.00;69.81;0.00;0.00;31.34;0.00;87.46;62.69;0.00;87.28;56.50;0.00;104.20;0.00;76.80;0.00;0.00;17.24;25.10;91.24;85.23;24.97;0.00;69.24
0.00;39.99;45.03;0.00;61.95;103.17;104.35;91.33;0.00;32.43;0.00;0.00;0.00;62.76;0.00;0.00;67.79;12.05;0.00;24.78;44.99;67.04;0.00;0.00;0.00;41.95;40.46;0.00;0.00;0.00;68.11;81.70;0.00;0.00;43.98;16.80;88.29;0.00;0.00;56.41;25.76;0.00;69.74;34.07;0.00;0.00;14.96;0.00;0.00;42.54;0.00;32.17;0.00;0.00;104.21;77.20;28.23;12.68;0.00;72.66;58.13;0.00;0.00;0.00;11.13;86.97;0.00;28.71;98.30;45.61;0.00;0.00;81.09;0.00;0.00;90.99;0.00;0.00;0.00;38.90;36.53;0.00;0.00;0.00;0.00;77.83;60.53;0.00;0.00;0.00;75.52;63.76;0.00;0.00;106.94;85.20;0.00;23.07;30.05;0.00
39.01;0.00;0.00;0.00;25.16;13.91;0.00;67.33;61.12;0.00;0.00;0.00;0.00;15.23;57.21;32.28;82.33;94.68;0.00;72.15;54.45;99.28;0.00;0.00;18.71;0.00;0.00;0.00;23.25;0.00;0.00;96.11;0.00;0.00;0.00;0.00;108.61;13.00;93.56;0.00;53.34;69.74;0.00;27.04;47.58;74.36;0.00;97.09;0.00;81.18;105.90;0.00;0.00;0.00;0.00;0.00;0.00;0.00;0.00;50.39;78.62;41.18;38.49;40.79;0.00;72.55;0.00;0.00;91.44;0.00;0.00;60.52;23.29;0.00;15.47;0.00;0.00;0.00;31.33;0.00;0.00;96.67;102.36;0.00;48.05;71.35;41.79;96.11;0.00;0.00;0.00;0.00;0.00;0.00;0.00;0.00;0.00;103.43;0.00;31.00
0.00;69.13;95.25;22.45;0.00;0.00;0.00;0.00;0.00;55.31;0.00;34.46;21.23;52.23;50.99;0.00;0.00;36.58;56.38;0.00;81.59;0.00;0.00;0.00;0.00;0.00;45.04;50.37;67.58;0.00;0.00;97.50;0.00;0.00;0.00;0.00;64.31;18.12;0.00;70.24;96.22;34.07;27.04;0.00;36.29;0.00;11.78;88.01;0.00;12.57;66.68;0.00;0.00;14.84;0.00;69.66;0.00;50.02;20.00;40.36;0.00;73.66;30.06;32.00;102.99;73.12;0.00;63.46;69.78;0.00;107.69;0.00;15.28;0.00;14.07;99.51;0.00;67.65;101.05;0.00;0.00;109.99;35.19;101.34;0.00;85.11;0.00;0.00;0.00;0.00;0.00;0.00;0.00;0.00;33.25;0.00;73.93;34.22;94.42;29.00
0.00;104.92;109.32;0.00;80.33;50.18;34.59;0.00;0.00;61.00;86.26;0.00;0.00;78.14;30.87;0.00;0.00;0.00;0.00;82.15;16.54;0.00;102.25;0.00;43.82;28.00;24.79;104.98;74.39;0.00;0.00;0.00;0.00;67.38;0.00;106.73;25.98;0.00;29.63;74.37;0.00;0.00;47.58;36.29;0.00;56.11;0.00;47.77;0.00;0.00;0.00;68.92;0.00;0.00;20.50;0.00;23.66;34.35;35.43;54.75;22.62;108.96;20.73;35.43;0.00;0.00;88.98;20.15;0.00;0.00;0.00;56.81;64.31;49.23;64.88;96.27;0.00;0.00;14.64;0.00;95.03;0.00;0.00;0.00;14.88;0.00;0.00;107.50;0.00;0.00;0.00;0.00;96.05;0.00;0.00;88.84;0.00;27.53;0.00;0.00
42.20;109.45;68.45;0.00;0.00;0.00;106.75;0.00;0.00;82.95;0.00;28.02;77.33;60.93;0.00;0.00;0.00;54.70;0.00;42.35;41.87;0.00;0.00;0.00;0.00;46.00;0.00;46.00;0.00;92.45;97.60;76.69;57.11;16.09;0.00;86.94;89.73;52.05;21.11;90.07;10.89;0.00;74.36;0.00;56.11;0.00;40.53;0.00;0.00;0.00;0.00;18.38;0.00;72.58;38.15;80.84;0.00;96.38;0.00;0.00;0.00;0.00;85.64;0.00;0.00;0.00;19.34;33.47;20.71;31.97;20.36;0.00;33.50;43.07;48.88;0.00;95.46;0.00;90.30;0.00;0.00;0.00;0.00;0.00;0.00;88.22;0.00;0.00;0.00;70.52;41.96;0.00;0.00;21.41;70.37;42.23;93.49;0.00;0.00;16.50
10.33;0.00;0.00;0.00;0.00;0.00;72.44;0.00;70.20;88.52;28.33;0.00;76.58;0.00;0.00;58.15;14.97;56.15;72.89;0.00;0.00;57.34;96.51;0.00;26.43;47.72;0.00;0.00;58.03;106.51;0.00;13.71;38.17;0.00;0.00;82.36;76.12;0.00;0.00;0.00;70.77;14.96;0.00;11.78;0.00;40.53;0.00;94.84;32.74;35.89;69.86;0.00;0.00;0.00;10.82;0.00;0.00;90.65;0.00;0.00;0.00;0.00;72.82;0.00;0.00;11.30;0.00;45.38;33.23;0.00;0.00;0.00;0.00;0.00;0.00;18.09;89.73;25.40;0.00;0.00;25.34;105.38;19.92;44.99;18.52;0.00;39.67;0.00;80.55;30.90;0.00;0.00;0.00;57.49;0.00;0.00;0.00;0.00;43.33;0.00
13.12;0.00;0.00;0.00;101.26;0.00;0.00;29.05;15.01;80.03;0.00;0.00;0.00;0.00;0.00;0.00;98.09;60.96;0.00;0.00;0.00;20.94;34.57;59.78;69.76;0.00;0.00;43.68;42.60;0.00;0.00;55.49;97.89;14.95;79.96;37.29;92.30;0.00;0.00;0.00;0.00;0.00;97.09;88.01;47.77;0.00;94.84;0.00;52.40;95.68;0.00;0.00;57.86;0.00;66.02;28.20;0.00;0.00;89.35;36.30;0.00;0.00;57.88;87.03;29.92;41.92;10.20;0.00;0.00;0.00;0.00;97.19;0.00;67.18;90.00;97.98;0.00;0.00;44.19;0.00;0.00;24.45;26.84;0.00;101.24;0.00;101.65;0.00;48.77;95.29;100.09;0.00;0.00;66.45;27.82;100.60;49.34;0.00;0.00;0.00
33.80;97.39;30.41;52.41;29.08;75.72;31.88;80.63;88.24;0.00;0.00;0.00;77.89;0.00;64.22;0.00;0.00;0.00;67.66;0.00;42.66;93.76;71.90;0.00;0.00;0.00;38.33;0.00;47.70;84.14;33.62;16.52;69.75;19.54;76.22;0.00;0.00;46.06;56.05;86.10;0.00;0.00;0.00;0.00;0.00;0.00;32.74;52.40;0.00;44.62;13.50;109.45;77.93;68.71;0.00;0.00;98.00;0.00;0.00;87.91;0.00;0.00;93.26;19.06;55.37;0.00;0.00;0.00;0.00;0.00;0.00;0.00;0.00;11.39;48.55;0.00;52.52;85.78;79.82;0.00;0.00;55.45;93.30;35.37;0.00;50.92;0.00;56.31;0.00;0.00;0.00;0.00;0.00;62.46;94.81;85.73;39.56;0.00;0.00;59.79
75.69;12.35;0.00;20.69;82.18;69.86;86.74;0.00;0.00;68.51;90.74;0.00;0.00;69.70;0.00;0.00;31.72;0.00;0.00;0.00;21.54;0.00;0.00;99.25;0.00;0.00;0.00;69.45;56.01;38.46;41.82;59.51;0.00;103.60;0.00;0.00;0.00;0.00;37.01;54.17;57.09;42.54;81.18;12.57;0.00;0.00;35.89;95.68;44.62;0.00;40.52;41.12;0.00;74.44;33.15;90.50;79.95;0.00;36.63;0.00;87.18;0.00;0.00;0.00;109.54;0.00;87.51;71.95;0.00;96.79;21.36;0.00;0.00;68.72;0.00;71.37;16.21;28.73;25.54;0.00;82.94;0.00;0.00;70.42;0.00;76.78;0.00;0.00;19.94;31.88;0.00;30.30;90.97;0.00;0.00;0.00;44.93;12.83;0.00;0.00
100.30;0.00;16.67;0.00;53.71;31.25;89.18;0.00;0.00;97.48;71.93;0.00;0.00;61.27;17.03;0.00;0.00;47.22;0.00;0.00;46.49;0.00;0.00;0.00;0.00;17.02;0.00;75.07;66.77;102.89;0.00;0.00;71.77;21.54;107.19;97.44;95.97;0.00;0.00;52.71;35.24;0.00;105.90;66.68;0.00;0.00;69.86;0.00;13.50;40.52;0.00;45.94;0.00;0.00;75.17;0.00;0.00;0.00;11.77;0.00;0.00;93.53;0.00;0.00;108.23;0.00;0.00;0.00;34.74;0.00;60.58;0.00;0.00;0.00;83.56;0.00;87.93;60.42;14.60;0.00;28.05;62.93;0.00;0.00;0.00;20.77;0.00;0.00;16.38;19.18;40.56;0.00;42.51;70.73;0.00;104.01;0.00;79.50;43.63;0.00
0.00;14.30;0.00;67.90;12.24;104.20;0.00;0.00;72.42;0.00;90.19;71.89;52.30;0.00;55.53;14.29;0.00;0.00;105.36;0.00;27.29;0.00;0.00;0.00;93.38;46.15;39.47;102.12;0.00;74.79;22.90;46.38;99.21;0.00;0.00;37.75;12.40;0.00;0.00;0.00;0.00;32.17;0.00;0.00;68.92;18.38;0.00;0.00;109.45;41.12;45.94;0.00;53.76;22.10;0.00;0.00;26.30;31.68;0.00;72.55;0.00;0.00;30.97;0.00;26.45;0.00;48.66;0.00;0.00;70.98;78.80;0.00;72.70;88.73;0.00;0.00;0.00;0.00;101.99;0.00;0.00;0.00;71.02;95.46;99.97;0.00;104.04;91.71;0.00;17.11;63.97;0.00;0.00;109.10;0.00;0.00;70.84;0.00;0.00;0.00
0.00;0.00;0.00;105.89;22.74;0.00;18.44;14.36;81.78;100.28;0.00;0.00;0.00;79.32;25.96;0.00;0.00;0.00;91.18;0.00;45.71;0.00;0.00;0.00;35.93;65.07;92.19;0.00;0.00;0.00;0.00;105.01;0.00;103.11;74.65;0.00;72.95;0.00;0.00;25.40;0.00;0.00;0.00;0.00;0.00;0.00;0.00;57.86;77.93;0.00;0.00;53.76;0.00;52.87;80.27;0.00;68.65;0.00;0.00;0.00;0.00;0.00;0.00;0.00;0.00;0.00;0.00;0.00;0.00;0.00;63.47;0.00;36.78;0.00;35.25;0.00;0.00;35.73;64.88;0.00;0.00;0.00;0.00;0.00;32.02;0.00;0.00;77.70;0.00;0.00;0.00;0.00;0.00;105.15;59.59;0.00;0.00;73.35;94.13;0.00
78.85;27.10;29.35;0.00;63.33;20.41;0.00;94.46;0.00;95.23;79.10;0.00;99.05;28.80;0.00;29.43;0.00;0.00;0.00;0.00;63.94;0.00;80.92;0.00;17.91;0.00;82.46;0.00;43.33;27.35;0.00;95.71;13.90;0.00;0.00;0.00;0.00;0.00;0.00;44.08;66.99;0.00;0.00;14.84;0.00;72.58;0.00;0.00;68.71;74.44;0.00;22.10;52.87;0.00;92.51;20.91;0.00;0.00;0.00;79.63;0.00;90.69;0.00;88.07;39.66;42.71;51.33;0.00;43.20;22.21;45.99;60.44;59.11;20.90;98.09;85.39;0.00;17.84;0.00;0.00;0.00;0.00;53.59;0.00;104.44;56.69;63.40;0.00;94.95;0.00;40.95;0.00;85.46;0.00;0.00;0.00;0.00;0.00;0.00;0.00
25.28;18.14;77.56;18.69;0.00;50.12;98.25;27.63;0.00;0.00;16.49;0.00;0.00;0.00;0.00;0.00;0.00;70.50;27.17;0.00;44.14;0.00;0.00;87.78;101.69;91.18;73.14;91.52;0.00;18.52;0.00;0.00;107.49;0.00;0.00;0.00;106.57;51.23;63.42;34.65;97.99;104.21;0.00;0.00;20.50;38.15;10.82;66.02;0.00;33.15;75.17;0.00;80.27;92.51;0.00;21.94;0.00;0.00;0.00;11.80;11.30;0.00;0.00;73.31;0.00;0.00;62.54;0.00;66.98;78.78;108.18;38.98;0.00;0.00;0.00;102.36;0.00;0.00;82.32;82.44;58.41;0.00;0.00;33.82;101.36;54.82;0.00;0.00;96.22;56.41;108.57;0.00;97.55;77.73;0.00;79.62;0.00;0.00;49.97;34.87
100.30;0.00;0.00;16.39;104.19;0.00;28.28;65.55;28.71;0.00;0.00;104.59;0.00;65.23;0.00;76.33;16.03;35.80;67.22;0.00;44.52;25.69;0.00;108.21;82.86;29.05;0.00;0.00;0.00;0.00;34.75;0.00;0.00;0.00;0.00;68.91;45.63;71.66;0.00;0.00;0.00;77.20;0.00;69.66;0.00;80.84;0.00;28.20;0.00;90.50;0.00;0.00;0.00;20.91;21.94;0.00;75.63;16.63;17.21;72.78;0.00;20.08;0.00;17.41;0.00;0.00;0.00;0.00;0.00;0.00;0.00;0.00;0.00;0.00;0.00;99.59;67.35;0.00;0.00;0.00;81.98;0.00;0.00;49.69;0.00;0.00;70.50;0.00;19.19;44.90;90.40;0.00;103.96;0.00;40.80;85.88;0.00;72.61;92.85;40.30
57.91;0.00;0.00;0.00;62.64;0.00;16.36;0.00;0.00;83.74;0.00;11.30;0.00;0.00;95.38;0.00;0.00;0.00;45.92;0.00;60.44;0.00;0.00;0.00;0.00;0.00;45.16;0.00;0.00;50.94;0.00;0.00;0.00;108.46;0.00;82.61;0.00;36.26;101.81;41.64;48.62;28.23;0.00;0.00;23.66;0.00;0.00;0.00;98.00;79.95;0.00;26.30;68.65;0.00;0.00;75.63;0.00;91.09;0.00;0.00;0.00;0.00;58.68;25.06;0.00;105.78;0.00;0.00;0.00;96.15;80.68;0.00;0.00;0.00;64.73;74.77;0.00;79.38;0.00;0.00;48.05;10.33;0.00;0.00;0.00;84.80;0.00;0.00;89.10;0.00;0.00;16.26;67.13;0.00;71.13;58.94;109.01;0.00;0.00;46.78
0.00;49.51;0.00;67.99;0.00;89.82;0.00;67.42;53.13;31.90;19.71;11.51;0.00;0.00;0.00;80.61;72.69;0.00;0.00;0.00;40.33;17.72;94.43;48.41;13.69;49.93;0.00;0.00;35.18;0.00;20.56;95.20;0.00;0.00;60.75;17.16;15.92;63.19;71.36;27.64;64.55;12.68;0.00;50.02;34.35;96.38;90.65;0.00;0.00;0.00;0.00;31.68;0.00;0.00;0.00;16.63;91.09;0.00;76.01;0.00;62.37;108.41;0.00;0.00;0.00;68.86;46.67;10.57;42.59;88.06;0.00;37.37;0.00;0.00;0.00;0.00;0.00;0.00;0.00;83.81;0.00;38.95;0.00;43.14;0.00;91.03;0.00;20.71;0.00;101.84;81.31;29.41;34.80;62.00;0.00;42.01;87.24;0.00;0.00;68.91
0.00;52.84;0.00;0.00;58.61;0.00;85.46;0.00;0.00;0.00;0.00;87.58;0.00;0.00;103.75;102.76;0.00;0.00;108.10;0.00;40.32;14.53;0.00;0.00;0.00;71.44;29.99;0.00;0.00;0.00;32.92;0.00;0.00;0.00;0.00;103.05;0.00;64.68;39.36;0.00;99.75;0.00;0.00;20.00;35.43;0.00;0.00;89.35;0.00;36.63;11.77;0.00;0.00;0.00;0.00;17.21;0.00;76.01;0.00;85.59;100.06;64.40;15.08;58.65;86.15;0.00;109.98;33.08;0.00;0.00;28.93;0.00;0.00;0.00;0.00;0.00;0.00;24.71;32.35;99.97;29.09;54.64;0.00;0.00;74.39;101.18;38.33;0.00;69.89;69.57;31.31;84.86;94.69;0.00;0.00;0.00;44.51;98.51;84.43;98.71
62.39;43.63;0.00;0.00;0.00;0.00;101.53;0.00;93.21;27.59;44.33;74.19;0.00;0.00;0.00;81.40;0.00;0.00;81.44;48.23;74.31;0.00;0.00;0.00;0.00;0.00;64.69;71.39;0.00;0.00;24.16;59.22;22.23;98.58;62.23;0.00;0.00;0.00;31.78;103.50;51.86;72.66;50.39;40.36;54.75;0.00;0.00;36.30;87.91;0.00;0.00;72.55;0.00;79.63;11.80;72.78;0.00;0.00;85.59;0.00;63.10;0.00;109.58;0.00;86.63;0.00;40.43;70.74;106.63;38.34;106.85;23.23;0.00;0.00;71.96;29.41;0.00;24.66;34.88;22.25;41.86;61.22;0.00;93.08;0.00;40.64;34.05;0.00;63.50;0.00;0.00;106.89;0.00;0.00;49.62;0.00;85.65;54.38;86.70;21.03
0.00;61.19;65.60;30.21;89.46;52.69;89.00;17.53;50.17;0.00;0.00;0.00;61.77;67.12;0.00;0.00;0.00;63.34;14.07;64.09;0.00;0.00;0.00;0.00;81.45;0.00;22.82;0.00;0.00;0.00;54.18;0.00;0.00;73.65;12.57;0.00;0.00;0.00;0.00;16.13;57.38;58.13;78.62;0.00;22.62;0.00;0.00;0.00;0.00;87.18;0.00;0.00;0.00;0.00;11.30;0.00;0.00;62.37;100.06;63.10;0.00;62.50;59.55;0.00;0.00;0.00;33.96;10.74;66.81;104.52;31.22;73.37;0.00;95.61;0.00;0.00;22.81;66.89;24.17;0.00;90.82;0.00;40.68;94.77;35.93;0.00;0.00;0.00;0.00;0.00;0.00;46.18;20.18;22.04;15.25;97.00;87.24;0.00;58.82;40.20
0.00;96.67;106.90;92.88;93.27;0.00;109.30;0.00;0.00;90.69;0.00;0.00;0.00;0.00;0.00;0.00;0.00;11.59;0.00;78.24;20.11;60.33;81.59;0.00;0.00;105.85;0.00;0.00;0.00;52.24;23.07;64.02;0.00;76.18;0.00;96.87;17.73;103.44;93.49;39.20;60.82;0.00;41.18;73.66;108.96;0.00;0.00;0.00;0.00;0.00;93.53;0.00;0.00;90.69;0.00;20.08;0.00;108.41;64.40;0.00;62.50;0.00;94.57;0.00;26.77;0.00;0.00;24.64;0.00;0.00;0.00;16.14;0.00;63.45;93.69;103.84;0.00;77.21;53.65;94.13;0.00;75.30;75.34;0.00;0.00;55.25;42.21;47.18;0.00;0.00;75.37;95.27;0.00;56.85;91.82;24.58;0.00;26.84;0.00;0.00
38.15;78.13;18.71;76.86;0.00;85.23;81.83;0.00;0.00;0.00;43.11;0.00;0.00;91.61;88.52;0.00;73.04;37.80;41.18;0.00;52.60;0.00;0.00;20.78;56.06;14.46;31.39;63.81;61.52;0.00;85.63;0.00;0.00;102.47;0.00;0.00;109.02;0.00;89.33;17.72;54.32;0.00;38.49;30.06;20.73;85.64;72.82;57.88;93.26;0.00;0.00;30.97;0.00;0.00;0.00;0.00;58.68;0.00;15.08;109.58;59.55;94.57;0.00;21.08;0.00;0.00;0.00;0.00;0.00;0.00;31.35;0.00;0.00;0.00;83.79;28.29;105.03;25.14;72.66;0.00;0.00;64.25;50.75;105.72;61.31;95.99;0.00;0.00;0.00;0.00;0.00;97.20;0.00;78.45;0.00;34.82;0.00;0.00;14.71;109.26
15.48;74.04;0.00;94.93;0.00;0.00;0.00;0.00;0.00;0.00;0.00;0.00;0.00;48.99;22.38;28.38;0.00;0.00;0.00;0.00;0.00;0.00;0.00;0.00;80.46;85.14;108.58;54.27;43.13;32.82;97.14;46.37;0.00;80.69;0.00;0.00;12.57;84.14;0.00;68.72;0.00;0.00;40.79;32.00;35.43;0.00;0.00;87.03;19.06;0.00;0.00;0.00;0.00;88.07;73.31;17.41;25.06;0.00;58.65;0.00;0.00;0.00;21.08;0.00;104.50;0.00;0.00;0.00;66.29;0.00;0.00;73.72;62.13;0.00;106.96;18.49;34.29;76.26;0.00;65.09;68.48;98.18;0.00;0.00;42.55;68.88;105.08;105.25;0.00;92.90;0.00;0.00;28.48;88.22;0.00;95.27;0.00;93.33;95.13;0.00
0.00;0.00;20.91;38.09;63.70;30.95;96.55;54.61;0.00;10.13;0.00;105.81;74.75;100.35;0.00;0.00;108.12;0.00;17.03;45.99;75.44;0.00;107.50;57.18;0.00;21.09;23.01;65.42;0.00;0.00;73.55;0.00;67.09;82.50;92.25;56.94;83.69;49.63;0.00;32.46;0.00;11.13;0.00;102.99;0.00;0.00;0.00;29.92;55.37;109.54;108.23;26.45;0.00;39.66;0.00;0.00;0.00;0.00;86.15;86.63;0.00;26.77;0.00;104.50;0.00;90.65;35.42;0.00;0.00;46.96;17.67;0.00;0.00;32.08;0.00;11.96;38.24;0.00;31.24;0.00;36.92;0.00;0.00;109.02;84.02;40.70;63.35;107.34;18.28;0.00;71.51;0.00;80.81;36.59;34.39;0.00;0.00;93.33;0.00;85.98
0.00;39.29;0.00;0.00;0.00;0.00;0.00;0.00;0.00;37.95;0.00;67.93;35.32;0.00;0.00;0.00;53.61;0.00;53.47;0.00;0.00;62.18;24.54;0.00;0.00;17.05;106.25;0.00;81.41;0.00;71.03;0.00;0.00;0.00;0.00;0.00;98.84;0.00;0.00;56.93;48.27;86.97;72.55;73.12;0.00;0.00;11.30;41.92;0.00;0.00;0.00;0.00;0.00;42.71;0.00;0.00;105.78;68.86;0.00;0.00;0.00;0.00;0.00;0.00;90.65;0.00;73.38;106.98;80.45;0.00;87.68;74.83;0.00;91.63;80.62;0.00;22.00;35.84;0.00;0.00;0.00;25.55;12.36;85.41;0.00;0.00;76.89;42.52;103.19;0.00;108.07;57.36;0.00;0.00;107.57;0.00;40.29;52.43;0.00;27.87
105.60;0.00;103.26;0.00;0.00;0.00;0.00;49.33;86.07;0.00;95.55;55.85;63.06;14.19;0.00;0.00;38.76;0.00;0.00;0.00;11.77;69.16;41.61;0.00;0.00;0.00;46.75;0.00;0.00;36.12;60.98;57.86;0.00;0.00;19.15;73.54;50.77;0.00;93.57;0.00;0.00;0.00;0.00;0.00;88.98;19.34;0.00;10.20;0.00;87.51;0.00;48.66;0.00;51.33;62.54;0.00;0.00;46.67;109.98;40.43;33.96;0.00;0.00;0.00;35.42;73.38;0.00;96.42;0.00;52.78;0.00;18.47;0.00;0.00;96.66;0.00;101.73;32.71;0.00;26.35;0.00;50.97;0.00;36.50;0.00;108.89;31.73;0.00;0.00;0.00;64.89;76.34;38.77;43.46;72.35;22.69;0.00;51.83;48.06;106.31
0.00;80.95;103.36;28.46;0.00;0.00;0.00;24.60;57.18;0.00;55.01;89.31;0.00;10.13;0.00;55.33;0.00;82.63;0.00;0.00;0.00;0.00;0.00;0.00;0.00;0.00;100.98;0.00;69.16;90.87;19.85;58.46;68.47;52.81;63.19;26.12;22.62;28.85;85.82;0.00;45.72;28.71;0.00;63.46;20.15;33.47;45.38;0.00;0.00;71.95;0.00;0.00;0.00;0.00;0.00;0.00;0.00;10.57;33.08;70.74;10.74;24.64;0.00;0.00;0.00;106.98;96.42;0.00;107.50;0.00;86.97;62.30;52.35;58.55;0.00;0.00;0.00;48.30;0.00;0.00;0.00;0.00;0.00;21.28;0.00;0.00;100.37;0.00;0.00;25.40;0.00;0.00;0.00;87.07;0.00;27.92;81.72;33.36;0.00;57.68
79.60;91.99;34.06;0.00;0.00;65.29;0.00;69.54;52.70;0.00;0.00;0.00;0.00;0.00;0.00;39.48;0.00;83.06;0.00;0.00;25.70;35.01;29.10;28.43;0.00;0.00;76.25;0.00;70.21;56.91;0.00;0.00;40.24;0.00;107.06;0.00;0.00;0.00;0.00;0.00;0.00;98.30;91.44;69.78;0.00;20.71;33.23;0.00;0.00;0.00;34.74;0.00;0.00;43.20;66.98;0.00;0.00;42.59;0.00;106.63;66.81;0.00;0.00;66.29;0.00;80.45;0.00;107.50;0.00;68.93;0.00;102.34;0.00;0.00;10.94;0.00;0.00;20.72;59.22;48.91;87.41;48.34;0.00;0.00;0.00;21.61;12.58;80.53;19.75;107.29;97.64;76.18;0.00;0.00;12.04;0.00;84.64;0.00;40.21;21.95
